0.93852788170054890493 
0.92822258542968150152 
0.69980898421720882929 
0.26858861474324735585 
0.71496183350677289248 
0.60662074994527592775 
0.33091341218156278270 
0.65848979830454668072 
0.00014352598701181040752 
0.43615222239304940466 
0.87467013406535965014 
0.80908350463461009561 
0.30324974762720574573 
0.20482506472842071377 
0.88036528423802762333 
0.34795814238693401066 
0.65642502019130199997 
0.00096618638950905011420 
0.54481311914786190176 
0.60125382810966010450 
0.82518191718048761185 
0.39724554134251449655 
0.90924941063523800899 
0.32608461307160258036 
0.75820401281162341789 
0.58082504961767367213 
0.86167408319842198061 
0.41798537526581364121 
0.13087630076432096859 
0.95435238028473157179 
0.84891279632436544844 
0.008678387336595737300 
0.78109620614883135126 
0.52017500032717223224 
0.29099844891273612957 
0.49991209571220168728 
0.18511508096158377223 
0.69213692260578218995 
0.21803006942470820606 
0.37135354523322972042 
0.11339417412059160650 
0.10641410403851922495 
0.22788646202684795239 
0.48663407109680523188 
0.40025009459330007644 
0.06728284051968197454 
0.89780493617427625797 
0.03812464690080281937 
0.07119933382593676696 
0.47448701736579473875 
0.73511269763024822410 
0.0099229640543280728249 
0.80079043475718181266 
0.57219060049692038739 
0.27419589824142914791 
0.64120170575354629161 
0.24851510349802469202 
0.16938060921632661082 
0.15929960170906745653 
0.55516089012621006038 
0.24270269766346139195 
0.01910113598382319131 
0.75192099455546423936 
0.05203342511611058763 
0.76800234686011836782 
0.35794233488741716842 
0.68423735719677658551 
0.01150942078294122511 
0.97314082662127965317 
0.44674849085747481148 
0.52455502444401402862 
0.45611002216023754929 
0.0062126655270225883410 
0.975411933358540450545 
0.49695569578652748488 
0.66094499620903202075 
0.0053021324164278782476 
0.04153879438445680361 
0.43281976892542622926 
0.57153010125989589518 
0.85104512013230881884 
0.37911857304845053562 
0.12354887628064459282 
0.95920396640859728610 
0.81925720302311777488 
0.07757539357154304149 
0.76247844549039167639 
0.47521063036854638284 
0.24829420489492387558 
0.48675581839695014619 
0.17356523768301379551 
0.65509745450753997797 
0.20169255089844204121 
0.27077018739337022080 
0.09455556351813267091 
0.07330816952144454668 
0.22316760783842853888 
0.51697839205526896489 
0.40460908659739952542 
0.05669313482800109050 
0.89907880528620298666 
0.02081168547491183546 
0.11594372529570005914 
0.45541690140902091333 
0.71745903397361054932 
0.99067473099063252384 
