0 1 17872111.913988 39527349.737784 -2.165524e+07
1 2 17872111.913988 17872111.913988 0.000000e+00
2 2 3973822.048860 17872111.913988 -1.389829e+07
3 3 3973822.048860 3973822.048860 0.000000e+00
4 4 3973822.048860 3973822.048860 0.000000e+00
5 5 3973822.048860 3973822.048860 0.000000e+00
6 6 3973822.048860 3973822.048860 0.000000e+00
7 6 795977.167825 3973822.048860 -3.177845e+06
8 7 795977.167825 795977.167825 0.000000e+00
9 8 795977.167825 795977.167825 0.000000e+00
10 9 795977.167825 795977.167825 0.000000e+00
11 10 795977.167825 795977.167825 0.000000e+00
12 10 435641.551585 795977.167825 -3.603356e+05
13 11 435641.551585 435641.551585 0.000000e+00
14 11 245700.783713 435641.551585 -1.899408e+05
15 12 245700.783713 245700.783713 0.000000e+00
16 13 245700.783713 245700.783713 0.000000e+00
17 13 174861.502823 245700.783713 -7.083928e+04
18 13 140453.460899 174861.502823 -3.440804e+04
19 14 140453.460899 140453.460899 0.000000e+00
20 14 91198.896513 140453.460899 -4.925456e+04
21 15 91198.896513 91198.896513 0.000000e+00
22 15 71370.788323 91198.896513 -1.982811e+04
23 16 71370.788323 71370.788323 0.000000e+00
24 17 71370.788323 71370.788323 0.000000e+00
25 17 57865.309892 71370.788323 -1.350548e+04
26 17 30543.632724 57865.309892 -2.732168e+04
27 18 30543.632724 30543.632724 0.000000e+00
28 19 30543.632724 30543.632724 0.000000e+00
29 19 5732.774380 30543.632724 -2.481086e+04
30 19 4201.725862 5732.774380 -1.531049e+03
31 20 4201.725862 4201.725862 0.000000e+00
32 21 4201.725862 4201.725862 0.000000e+00
33 22 4201.725862 4201.725862 0.000000e+00
34 22 3826.941579 4201.725862 -3.747843e+02
35 22 2162.704724 3826.941579 -1.664237e+03
36 22 1776.099755 2162.704724 -3.866050e+02
37 23 1776.099755 1776.099755 0.000000e+00
38 24 1776.099755 1776.099755 0.000000e+00
39 25 1776.099755 1776.099755 0.000000e+00
40 26 1776.099755 1776.099755 0.000000e+00
41 26 1121.445222 1776.099755 -6.546545e+02
42 27 1121.445222 1121.445222 0.000000e+00
43 27 1058.581003 1121.445222 -6.286422e+01
44 27 403.463257 1058.581003 -6.551177e+02
45 27 355.229340 403.463257 -4.823392e+01
46 28 355.229340 355.229340 0.000000e+00
47 29 355.229340 355.229340 0.000000e+00
48 29 328.841645 355.229340 -2.638769e+01
49 29 295.631586 328.841645 -3.321006e+01
50 30 295.631586 295.631586 0.000000e+00
51 30 290.643448 295.631586 -4.988138e+00
52 30 256.437684 290.643448 -3.420576e+01
53 30 246.729900 256.437684 -9.707784e+00
54 30 173.334287 246.729900 -7.339561e+01
55 30 150.686941 173.334287 -2.264735e+01
56 31 150.686941 150.686941 0.000000e+00
57 32 150.686941 150.686941 0.000000e+00
58 33 150.686941 150.686941 0.000000e+00
59 34 150.686941 150.686941 0.000000e+00
60 35 150.686941 150.686941 0.000000e+00
61 36 150.686941 150.686941 0.000000e+00
62 37 150.686941 150.686941 0.000000e+00
63 37 147.959700 150.686941 -2.727240e+00
64 37 146.122768 147.959700 -1.836932e+00
65 38 146.122768 146.122768 0.000000e+00
66 38 143.116817 146.122768 -3.005951e+00
67 39 143.116817 143.116817 0.000000e+00
68 39 141.007682 143.116817 -2.109135e+00
69 39 139.041905 141.007682 -1.965778e+00
70 39 134.176925 139.041905 -4.864980e+00
71 39 131.567370 134.176925 -2.609554e+00
72 39 130.157336 131.567370 -1.410034e+00
73 39 129.387678 130.157336 -7.696581e-01
74 39 128.961915 129.387678 -4.257629e-01
75 39 125.900253 128.961915 -3.061662e+00
76 39 123.866985 125.900253 -2.033268e+00
77 39 122.741323 123.866985 -1.125662e+00
78 39 122.099109 122.741323 -6.422139e-01
79 39 121.721509 122.099109 -3.776004e-01
80 39 115.629800 121.721509 -6.091709e+00
81 39 110.628083 115.629800 -5.001717e+00
82 40 110.628083 110.628083 0.000000e+00
83 41 110.628083 110.628083 0.000000e+00
84 42 110.628083 110.628083 0.000000e+00
85 42 109.392489 110.628083 -1.235594e+00
86 43 109.392489 109.392489 0.000000e+00
87 43 107.270452 109.392489 -2.122037e+00
88 43 106.583660 107.270452 -6.867924e-01
89 43 105.199705 106.583660 -1.383955e+00
90 44 105.199705 105.199705 0.000000e+00
91 44 105.188745 105.199705 -1.095958e-02
92 44 104.764942 105.188745 -4.238032e-01
93 44 104.509992 104.764942 -2.549500e-01
94 44 104.070918 104.509992 -4.390746e-01
95 45 104.070918 104.070918 0.000000e+00
96 45 103.354111 104.070918 -7.168066e-01
97 45 103.263751 103.354111 -9.036039e-02
98 46 103.263751 103.263751 0.000000e+00
99 46 101.758739 103.263751 -1.505012e+00
100 47 101.758739 101.758739 0.000000e+00
101 48 101.758739 101.758739 0.000000e+00
102 48 100.620683 101.758739 -1.138056e+00
103 49 100.620683 100.620683 0.000000e+00
104 50 100.620683 100.620683 0.000000e+00
105 51 100.620683 100.620683 0.000000e+00
106 52 100.620683 100.620683 0.000000e+00
107 53 100.620683 100.620683 0.000000e+00
108 53 100.217710 100.620683 -4.029729e-01
109 53 100.179598 100.217710 -3.811179e-02
110 54 100.179598 100.179598 0.000000e+00
111 55 100.179598 100.179598 0.000000e+00
112 55 100.064135 100.179598 -1.154638e-01
113 55 99.765459 100.064135 -2.986757e-01
114 55 99.754095 99.765459 -1.136429e-02
115 55 99.505778 99.754095 -2.483162e-01
116 55 99.500909 99.505778 -4.869033e-03
117 55 98.805430 99.500909 -6.954798e-01
118 56 98.805430 98.805430 0.000000e+00
119 57 98.805430 98.805430 0.000000e+00
120 57 98.731021 98.805430 -7.440897e-02
121 58 98.731021 98.731021 0.000000e+00
122 58 98.690057 98.731021 -4.096363e-02
123 59 98.690057 98.690057 0.000000e+00
124 59 98.649261 98.690057 -4.079630e-02
125 60 98.649261 98.649261 0.000000e+00
126 61 98.649261 98.649261 0.000000e+00
127 62 98.649261 98.649261 0.000000e+00
128 63 98.649261 98.649261 0.000000e+00
129 63 98.644677 98.649261 -4.583424e-03
130 63 98.616617 98.644677 -2.806065e-02
131 64 98.616617 98.616617 0.000000e+00
132 65 98.616617 98.616617 0.000000e+00
133 65 98.543756 98.616617 -7.286101e-02
134 65 98.501926 98.543756 -4.182977e-02
135 65 98.447683 98.501926 -5.424239e-02
136 66 98.447683 98.447683 0.000000e+00
137 67 98.447683 98.447683 0.000000e+00
138 68 98.447683 98.447683 0.000000e+00
139 68 98.445380 98.447683 -2.303513e-03
140 68 98.381989 98.445380 -6.339129e-02
141 68 98.299790 98.381989 -8.219863e-02
142 68 98.214927 98.299790 -8.486348e-02
143 68 98.139015 98.214927 -7.591162e-02
144 68 98.110193 98.139015 -2.882169e-02
145 68 98.043346 98.110193 -6.684712e-02
146 68 98.036314 98.043346 -7.032223e-03
147 68 97.944621 98.036314 -9.169275e-02
148 68 97.916824 97.944621 -2.779679e-02
149 68 97.897567 97.916824 -1.925770e-02
150 68 97.873669 97.897567 -2.389757e-02
151 68 97.855983 97.873669 -1.768639e-02
152 68 97.828884 97.855983 -2.709909e-02
153 68 97.814461 97.828884 -1.442290e-02
154 68 97.800237 97.814461 -1.422376e-02
155 68 97.795243 97.800237 -4.994222e-03
156 68 97.731913 97.795243 -6.332963e-02
157 69 97.731913 97.731913 0.000000e+00
158 70 97.731913 97.731913 0.000000e+00
159 70 97.706687 97.731913 -2.522570e-02
160 71 97.706687 97.706687 0.000000e+00
161 71 97.700617 97.706687 -6.070757e-03
162 71 97.696992 97.700617 -3.624129e-03
163 71 97.676835 97.696992 -2.015753e-02
164 71 97.663930 97.676835 -1.290504e-02
165 72 97.663930 97.663930 0.000000e+00
166 72 97.645968 97.663930 -1.796228e-02
167 72 97.642042 97.645968 -3.925610e-03
168 73 97.642042 97.642042 0.000000e+00
169 73 97.640759 97.642042 -1.283459e-03
170 73 97.628441 97.640759 -1.231803e-02
171 73 97.619794 97.628441 -8.646164e-03
172 73 97.613578 97.619794 -6.216097e-03
173 73 97.605745 97.613578 -7.832779e-03
174 73 97.603759 97.605745 -1.986361e-03
175 73 97.594907 97.603759 -8.851838e-03
176 73 97.577689 97.594907 -1.721850e-02
177 73 97.571116 97.577689 -6.572665e-03
178 73 97.569421 97.571116 -1.695246e-03
179 74 97.569421 97.569421 0.000000e+00
180 74 97.569058 97.569421 -3.624195e-04
181 74 97.546726 97.569058 -2.233220e-02
182 74 97.538042 97.546726 -8.684574e-03
183 74 97.530725 97.538042 -7.316339e-03
184 74 97.511738 97.530725 -1.898779e-02
185 74 97.492617 97.511738 -1.912019e-02
186 74 97.483787 97.492617 -8.830739e-03
187 74 97.476565 97.483787 -7.221627e-03
188 74 97.466663 97.476565 -9.901848e-03
189 74 97.453666 97.466663 -1.299711e-02
190 74 97.450327 97.453666 -3.338924e-03
191 74 97.449860 97.450327 -4.674587e-04
192 74 97.437522 97.449860 -1.233748e-02
193 74 97.416767 97.437522 -2.075544e-02
194 74 97.409772 97.416767 -6.994908e-03
195 74 97.407841 97.409772 -1.931254e-03
196 75 97.407841 97.407841 0.000000e+00
197 75 97.403587 97.407841 -4.253795e-03
198 75 97.401208 97.403587 -2.378643e-03
199 75 97.393668 97.401208 -7.540566e-03
200 75 97.342502 97.393668 -5.116572e-02
201 75 97.326585 97.342502 -1.591643e-02
202 75 97.317627 97.326585 -8.958271e-03
203 75 97.274728 97.317627 -4.289906e-02
204 75 97.229298 97.274728 -4.543031e-02
205 75 97.204779 97.229298 -2.451867e-02
206 75 97.151437 97.204779 -5.334236e-02
207 75 97.118366 97.151437 -3.307112e-02
208 75 97.077463 97.118366 -4.090226e-02
209 75 97.046331 97.077463 -3.113189e-02
210 75 96.995633 97.046331 -5.069806e-02
211 75 96.985498 96.995633 -1.013572e-02
212 75 96.959367 96.985498 -2.613074e-02
213 75 96.939664 96.959367 -1.970251e-02
214 75 96.908185 96.939664 -3.147919e-02
215 75 96.888577 96.908185 -1.960838e-02
216 75 96.860263 96.888577 -2.831351e-02
217 75 96.844782 96.860263 -1.548147e-02
218 75 96.836484 96.844782 -8.297448e-03
219 75 96.813458 96.836484 -2.302622e-02
220 75 96.753707 96.813458 -5.975111e-02
221 75 96.729406 96.753707 -2.430114e-02
222 75 96.721604 96.729406 -7.802244e-03
223 75 96.721017 96.721604 -5.872368e-04
224 76 96.721017 96.721017 0.000000e+00
225 76 96.703622 96.721017 -1.739443e-02
226 76 96.700537 96.703622 -3.085381e-03
227 76 96.699254 96.700537 -1.282856e-03
228 76 96.682001 96.699254 -1.725244e-02
229 76 96.669906 96.682001 -1.209572e-02
230 77 96.669906 96.669906 0.000000e+00
231 77 96.658021 96.669906 -1.188455e-02
232 77 96.654694 96.658021 -3.327413e-03
233 78 96.654694 96.654694 0.000000e+00
234 78 96.639659 96.654694 -1.503479e-02
235 79 96.639659 96.639659 0.000000e+00
236 79 96.627531 96.639659 -1.212805e-02
237 79 96.607144 96.627531 -2.038679e-02
238 79 96.605952 96.607144 -1.191775e-03
239 79 96.590991 96.605952 -1.496151e-02
240 79 96.585908 96.590991 -5.082627e-03
241 79 96.575592 96.585908 -1.031608e-02
242 79 96.552781 96.575592 -2.281141e-02
243 79 96.543107 96.552781 -9.673223e-03
244 79 96.539661 96.543107 -3.446563e-03
245 79 96.539013 96.539661 -6.477975e-04
246 79 96.534757 96.539013 -4.255930e-03
247 79 96.534396 96.534757 -3.615043e-04
248 80 96.534396 96.534396 0.000000e+00
249 80 96.531057 96.534396 -3.338269e-03
250 80 96.522521 96.531057 -8.536903e-03
251 80 96.519250 96.522521 -3.270378e-03
252 80 96.518387 96.519250 -8.631797e-04
253 80 96.473239 96.518387 -4.514779e-02
254 80 96.459189 96.473239 -1.404973e-02
255 80 96.457569 96.459189 -1.620593e-03
256 80 96.441758 96.457569 -1.581069e-02
257 80 96.425533 96.441758 -1.622486e-02
258 80 96.413724 96.425533 -1.180947e-02
259 80 96.393014 96.413724 -2.070966e-02
260 80 96.384913 96.393014 -8.100866e-03
261 80 96.352059 96.384913 -3.285414e-02
262 80 96.319867 96.352059 -3.219258e-02
263 81 96.319867 96.319867 0.000000e+00
264 81 96.302021 96.319867 -1.784606e-02
265 81 96.291561 96.302021 -1.045904e-02
266 81 96.286905 96.291561 -4.656635e-03
267 81 96.285050 96.286905 -1.854413e-03
268 81 96.284496 96.285050 -5.540306e-04
269 81 96.258532 96.284496 -2.596465e-02
270 81 96.246787 96.258532 -1.174486e-02
271 81 96.242431 96.246787 -4.356370e-03
272 81 96.241429 96.242431 -1.001236e-03
273 81 96.235944 96.241429 -5.485646e-03
274 81 96.228181 96.235944 -7.762297e-03
275 81 96.214875 96.228181 -1.330613e-02
276 81 96.203974 96.214875 -1.090120e-02
277 81 96.193869 96.203974 -1.010523e-02
278 81 96.178529 96.193869 -1.533930e-02
279 81 96.168882 96.178529 -9.647655e-03
280 81 96.151090 96.168882 -1.779172e-02
281 81 96.139558 96.151090 -1.153242e-02
282 81 96.132216 96.139558 -7.341417e-03
283 81 96.118834 96.132216 -1.338241e-02
284 81 96.110229 96.118834 -8.605311e-03
285 81 96.105124 96.110229 -5.104589e-03
286 81 96.102014 96.105124 -3.109723e-03
287 81 96.100068 96.102014 -1.945837e-03
288 81 96.089450 96.100068 -1.061857e-02
289 81 96.068256 96.089450 -2.119367e-02
290 81 96.066812 96.068256 -1.444567e-03
291 82 96.066812 96.066812 0.000000e+00
292 82 96.060094 96.066812 -6.717513e-03
293 82 96.049081 96.060094 -1.101323e-02
294 82 95.957674 96.049081 -9.140702e-02
295 82 95.924592 95.957674 -3.308219e-02
296 82 95.910169 95.924592 -1.442244e-02
297 82 95.885795 95.910169 -2.437450e-02
298 82 95.862964 95.885795 -2.283079e-02
299 82 95.806453 95.862964 -5.651107e-02
300 82 95.754816 95.806453 -5.163702e-02
301 82 95.708280 95.754816 -4.653597e-02
302 82 95.679171 95.708280 -2.910889e-02
303 82 95.652402 95.679171 -2.676929e-02
304 82 95.610807 95.652402 -4.159480e-02
305 82 95.538998 95.610807 -7.180841e-02
306 82 95.506998 95.538998 -3.200004e-02
307 82 95.483141 95.506998 -2.385754e-02
308 82 95.436052 95.483141 -4.708936e-02
309 82 95.368241 95.436052 -6.781053e-02
310 82 95.311455 95.368241 -5.678601e-02
311 82 95.304556 95.311455 -6.898672e-03
312 83 95.304556 95.304556 0.000000e+00
313 84 95.304556 95.304556 0.000000e+00
314 84 95.300807 95.304556 -3.749516e-03
315 84 95.269760 95.300807 -3.104641e-02
316 84 95.254179 95.269760 -1.558186e-02
317 84 95.247528 95.254179 -6.650630e-03
318 84 95.240083 95.247528 -7.445261e-03
319 84 95.229188 95.240083 -1.089414e-02
320 84 95.202011 95.229188 -2.717773e-02
321 84 95.190129 95.202011 -1.188156e-02
322 84 95.178285 95.190129 -1.184406e-02
323 84 95.154263 95.178285 -2.402185e-02
324 84 95.130063 95.154263 -2.420000e-02
325 84 95.118679 95.130063 -1.138381e-02
326 84 95.113629 95.118679 -5.050869e-03
327 84 95.111630 95.113629 -1.998381e-03
328 84 95.111045 95.111630 -5.854049e-04
329 85 95.111045 95.111045 0.000000e+00
330 85 95.100720 95.111045 -1.032471e-02
331 85 95.088340 95.100720 -1.237982e-02
332 85 95.066503 95.088340 -2.183763e-02
333 85 95.054592 95.066503 -1.191050e-02
334 85 95.032760 95.054592 -2.183232e-02
335 85 95.011331 95.032760 -2.142918e-02
336 85 94.997041 95.011331 -1.428992e-02
337 85 94.982559 94.997041 -1.448219e-02
338 85 94.966167 94.982559 -1.639179e-02
339 85 94.962107 94.966167 -4.059477e-03
340 85 94.934890 94.962107 -2.721753e-02
341 85 94.927265 94.934890 -7.624440e-03
342 85 94.924050 94.927265 -3.215659e-03
343 85 94.918631 94.924050 -5.419045e-03
344 85 94.905017 94.918631 -1.361318e-02
345 85 94.891670 94.905017 -1.334781e-02
346 85 94.884990 94.891670 -6.679380e-03
347 85 94.865344 94.884990 -1.964591e-02
348 85 94.848630 94.865344 -1.671420e-02
349 85 94.830546 94.848630 -1.808408e-02
350 85 94.822740 94.830546 -7.806217e-03
351 86 94.822740 94.822740 0.000000e+00
352 86 94.809341 94.822740 -1.339902e-02
353 86 94.805492 94.809341 -3.848502e-03
354 86 94.735020 94.805492 -7.047253e-02
355 86 94.654957 94.735020 -8.006288e-02
356 86 94.611855 94.654957 -4.310210e-02
357 86 94.538826 94.611855 -7.302873e-02
358 86 94.525296 94.538826 -1.352969e-02
359 86 94.368699 94.525296 -1.565976e-01
360 86 94.319392 94.368699 -4.930658e-02
361 86 94.249079 94.319392 -7.031296e-02
362 86 94.210875 94.249079 -3.820417e-02
363 86 94.199152 94.210875 -1.172343e-02
364 86 94.198904 94.199152 -2.477554e-04
365 87 94.198904 94.198904 0.000000e+00
366 87 94.040008 94.198904 -1.588954e-01
367 87 93.987534 94.040008 -5.247403e-02
368 88 93.987534 93.987534 0.000000e+00
369 88 93.973720 93.987534 -1.381424e-02
370 88 93.921933 93.973720 -5.178703e-02
371 88 93.883474 93.921933 -3.845897e-02
372 88 93.839643 93.883474 -4.383077e-02
373 88 93.748610 93.839643 -9.103353e-02
374 88 93.717140 93.748610 -3.146962e-02
375 88 93.682966 93.717140 -3.417445e-02
376 89 93.682966 93.682966 0.000000e+00
377 89 93.599016 93.682966 -8.394968e-02
378 90 93.599016 93.599016 0.000000e+00
379 90 93.579810 93.599016 -1.920644e-02
380 90 93.487660 93.579810 -9.214997e-02
381 91 93.487660 93.487660 0.000000e+00
382 91 93.467230 93.487660 -2.043018e-02
383 91 93.448332 93.467230 -1.889734e-02
384 91 93.437569 93.448332 -1.076358e-02
385 91 93.431288 93.437569 -6.280904e-03
386 91 93.382721 93.431288 -4.856697e-02
387 91 93.343109 93.382721 -3.961191e-02
388 91 93.313994 93.343109 -2.911461e-02
389 91 93.252639 93.313994 -6.135490e-02
390 91 93.229143 93.252639 -2.349624e-02
391 91 93.226646 93.229143 -2.497191e-03
392 92 93.226646 93.226646 0.000000e+00
393 92 93.215383 93.226646 -1.126296e-02
394 92 93.159923 93.215383 -5.546037e-02
395 92 93.139871 93.159923 -2.005187e-02
396 92 93.119056 93.139871 -2.081505e-02
397 92 93.077279 93.119056 -4.177651e-02
398 92 93.069033 93.077279 -8.246337e-03
399 92 93.010998 93.069033 -5.803447e-02
400 92 92.976922 93.010998 -3.407644e-02
401 92 92.957448 92.976922 -1.947428e-02
402 92 92.936343 92.957448 -2.110458e-02
403 92 92.895170 92.936343 -4.117335e-02
404 92 92.878241 92.895170 -1.692906e-02
405 92 92.842244 92.878241 -3.599656e-02
406 92 92.793518 92.842244 -4.872580e-02
407 92 92.754712 92.793518 -3.880605e-02
408 92 92.739612 92.754712 -1.509990e-02
409 92 92.718599 92.739612 -2.101310e-02
410 92 92.684646 92.718599 -3.395280e-02
411 93 92.684646 92.684646 0.000000e+00
412 93 92.617784 92.684646 -6.686266e-02
413 93 92.608394 92.617784 -9.389581e-03
414 94 92.608394 92.608394 0.000000e+00
415 95 92.608394 92.608394 0.000000e+00
416 95 92.594852 92.608394 -1.354244e-02
417 95 92.591042 92.594852 -3.809271e-03
418 95 92.558344 92.591042 -3.269865e-02
419 95 92.537426 92.558344 -2.091825e-02
420 95 92.495177 92.537426 -4.224888e-02
421 95 92.449375 92.495177 -4.580143e-02
422 95 92.437032 92.449375 -1.234293e-02
423 95 92.402281 92.437032 -3.475082e-02
424 95 92.383298 92.402281 -1.898381e-02
425 95 92.370429 92.383298 -1.286829e-02
426 95 92.335312 92.370429 -3.511693e-02
427 95 92.306869 92.335312 -2.844304e-02
428 95 92.297210 92.306869 -9.659275e-03
429 95 92.275235 92.297210 -2.197529e-02
430 95 92.250876 92.275235 -2.435851e-02
431 95 92.232431 92.250876 -1.844513e-02
432 95 92.211449 92.232431 -2.098220e-02
433 95 92.206563 92.211449 -4.886360e-03
434 95 92.187767 92.206563 -1.879596e-02
435 95 92.180509 92.187767 -7.258086e-03
436 95 92.175894 92.180509 -4.614211e-03
437 95 92.174438 92.175894 -1.456671e-03
438 95 92.171139 92.174438 -3.298529e-03
439 95 92.166137 92.171139 -5.002512e-03
440 96 92.166137 92.166137 0.000000e+00
441 96 92.162877 92.166137 -3.259876e-03
442 96 92.142174 92.162877 -2.070299e-02
443 96 92.131469 92.142174 -1.070442e-02
444 96 92.123443 92.131469 -8.026345e-03
445 96 92.119352 92.123443 -4.090976e-03
446 96 92.115353 92.119352 -3.998719e-03
447 96 92.109999 92.115353 -5.354494e-03
448 96 92.088374 92.109999 -2.162490e-02
449 96 92.076991 92.088374 -1.138276e-02
450 96 92.070975 92.076991 -6.016266e-03
451 96 92.060645 92.070975 -1.032951e-02
452 96 92.052906 92.060645 -7.739593e-03
453 96 92.035232 92.052906 -1.767366e-02
454 97 92.035232 92.035232 0.000000e+00
455 97 92.022299 92.035232 -1.293360e-02
456 97 92.018958 92.022299 -3.340234e-03
457 97 92.011860 92.018958 -7.098715e-03
458 97 92.008063 92.011860 -3.796353e-03
459 97 91.993522 92.008063 -1.454149e-02
460 97 91.989888 91.993522 -3.633286e-03
461 97 91.988097 91.989888 -1.791553e-03
462 97 91.981839 91.988097 -6.258105e-03
463 97 91.974864 91.981839 -6.974943e-03
464 97 91.970886 91.974864 -3.978085e-03
465 97 91.970121 91.970886 -7.651234e-04
466 98 91.970121 91.970121 0.000000e+00
467 99 91.970121 91.970121 0.000000e+00
468 99 91.968972 91.970121 -1.148480e-03
469 99 91.944806 91.968972 -2.416644e-02
470 99 91.924442 91.944806 -2.036382e-02
471 99 91.914824 91.924442 -9.618327e-03
472 99 91.910529 91.914824 -4.295056e-03
473 99 91.898258 91.910529 -1.227051e-02
474 99 91.870944 91.898258 -2.731420e-02
475 99 91.848222 91.870944 -2.272226e-02
476 99 91.823406 91.848222 -2.481568e-02
477 99 91.810338 91.823406 -1.306799e-02
478 99 91.803428 91.810338 -6.909800e-03
479 99 91.799754 91.803428 -3.673988e-03
480 99 91.799543 91.799754 -2.108612e-04
481 99 91.789708 91.799543 -9.835207e-03
482 99 91.767852 91.789708 -2.185578e-02
483 99 91.722799 91.767852 -4.505308e-02
484 99 91.699831 91.722799 -2.296858e-02
485 99 91.689802 91.699831 -1.002815e-02
486 99 91.685964 91.689802 -3.838021e-03
487 99 91.654084 91.685964 -3.187997e-02
488 99 91.602356 91.654084 -5.172795e-02
489 99 91.560536 91.602356 -4.182096e-02
490 99 91.519428 91.560536 -4.110760e-02
491 100 91.519428 91.519428 0.000000e+00
492 100 91.512786 91.519428 -6.642366e-03
493 100 91.511845 91.512786 -9.406396e-04
494 100 91.481777 91.511845 -3.006748e-02
495 100 91.466825 91.481777 -1.495277e-02
496 100 91.436943 91.466825 -2.988132e-02
497 100 91.403427 91.436943 -3.351601e-02
498 100 91.379894 91.403427 -2.353344e-02
499 101 91.379894 91.379894 0.000000e+00
500 102 91.379894 91.379894 0.000000e+00
501 103 91.379894 91.379894 0.000000e+00
502 104 91.379894 91.379894 0.000000e+00
503 105 91.379894 91.379894 0.000000e+00
504 106 91.379894 91.379894 0.000000e+00
505 106 91.295857 91.379894 -8.403721e-02
506 106 91.271166 91.295857 -2.469109e-02
507 106 91.269622 91.271166 -1.543737e-03
508 106 91.264632 91.269622 -4.990097e-03
509 106 91.261904 91.264632 -2.727940e-03
510 106 91.240190 91.261904 -2.171357e-02
511 106 91.210407 91.240190 -2.978344e-02
512 106 91.138761 91.210407 -7.164610e-02
513 106 91.104700 91.138761 -3.406054e-02
514 106 91.082755 91.104700 -2.194518e-02
515 106 91.072730 91.082755 -1.002487e-02
516 106 91.038664 91.072730 -3.406657e-02
517 107 91.038664 91.038664 0.000000e+00
518 107 91.035793 91.038664 -2.870755e-03
519 107 91.001715 91.035793 -3.407740e-02
520 107 90.959996 91.001715 -4.171977e-02
521 107 90.934248 90.959996 -2.574764e-02
522 107 90.920168 90.934248 -1.408014e-02
523 107 90.912351 90.920168 -7.816800e-03
524 107 90.907931 90.912351 -4.420315e-03
525 107 90.887863 90.907931 -2.006780e-02
526 107 90.873107 90.887863 -1.475625e-02
527 107 90.867210 90.873107 -5.896423e-03
528 107 90.865419 90.867210 -1.791192e-03
529 107 90.865405 90.865419 -1.401455e-05
530 107 90.865392 90.865405 -1.310152e-05
531 107 90.863638 90.865392 -1.753558e-03
532 107 90.817939 90.863638 -4.569953e-02
533 107 90.788961 90.817939 -2.897814e-02
534 107 90.780337 90.788961 -8.623746e-03
535 107 90.780049 90.780337 -2.883236e-04
536 107 90.767003 90.780049 -1.304551e-02
537 107 90.756313 90.767003 -1.068988e-02
538 107 90.754628 90.756313 -1.684816e-03
539 108 90.754628 90.754628 0.000000e+00
540 109 90.754628 90.754628 0.000000e+00
541 109 90.745458 90.754628 -9.170828e-03
542 109 90.739959 90.745458 -5.498667e-03
543 109 90.732405 90.739959 -7.554199e-03
544 109 90.682195 90.732405 -5.020957e-02
545 109 90.678615 90.682195 -3.580007e-03
546 110 90.678615 90.678615 0.000000e+00
547 110 90.647984 90.678615 -3.063113e-02
548 110 90.567030 90.647984 -8.095376e-02
549 110 90.498588 90.567030 -6.844229e-02
550 110 90.491489 90.498588 -7.098879e-03
551 110 90.462127 90.491489 -2.936191e-02
552 110 90.413520 90.462127 -4.860763e-02
553 111 90.413520 90.413520 0.000000e+00
554 112 90.413520 90.413520 0.000000e+00
555 112 90.380629 90.413520 -3.289042e-02
556 112 90.358746 90.380629 -2.188302e-02
557 112 90.319309 90.358746 -3.943723e-02
558 113 90.319309 90.319309 0.000000e+00
559 113 90.299656 90.319309 -1.965329e-02
560 113 90.267308 90.299656 -3.234795e-02
561 113 90.224311 90.267308 -4.299672e-02
562 113 90.207302 90.224311 -1.700930e-02
563 113 90.195233 90.207302 -1.206844e-02
564 113 90.186252 90.195233 -8.981118e-03
565 114 90.186252 90.186252 0.000000e+00
566 114 90.156524 90.186252 -2.972793e-02
567 114 90.139865 90.156524 -1.665952e-02
568 114 90.131700 90.139865 -8.164324e-03
569 114 90.127820 90.131700 -3.880591e-03
570 114 90.126067 90.127820 -1.752573e-03
571 114 90.125348 90.126067 -7.190307e-04
572 114 90.125113 90.125348 -2.347818e-04
573 114 90.115687 90.125113 -9.426687e-03
574 114 90.106694 90.115687 -8.992945e-03
575 115 90.106694 90.106694 0.000000e+00
576 115 90.087684 90.106694 -1.900971e-02
577 115 90.072145 90.087684 -1.553864e-02
578 115 90.062030 90.072145 -1.011570e-02
579 115 90.045697 90.062030 -1.633271e-02
580 115 90.035136 90.045697 -1.056109e-02
581 115 90.029619 90.035136 -5.516777e-03
582 115 89.992320 90.029619 -3.729905e-02
583 115 89.975366 89.992320 -1.695360e-02
584 115 89.958443 89.975366 -1.692365e-02
585 115 89.954846 89.958443 -3.596881e-03
586 115 89.946065 89.954846 -8.780552e-03
587 115 89.943542 89.946065 -2.523098e-03
588 116 89.943542 89.943542 0.000000e+00
589 116 89.924718 89.943542 -1.882458e-02
590 116 89.901109 89.924718 -2.360874e-02
591 116 89.892596 89.901109 -8.513327e-03
592 116 89.889432 89.892596 -3.163716e-03
593 116 89.858762 89.889432 -3.066980e-02
594 116 89.835669 89.858762 -2.309324e-02
595 116 89.807293 89.835669 -2.837562e-02
596 116 89.777298 89.807293 -2.999553e-02
597 116 89.756923 89.777298 -2.037432e-02
598 116 89.747520 89.756923 -9.403528e-03
599 116 89.743487 89.747520 -4.033151e-03
600 116 89.734898 89.743487 -8.588492e-03
601 116 89.709545 89.734898 -2.535281e-02
602 116 89.707065 89.709545 -2.480688e-03
603 116 89.695044 89.707065 -1.202037e-02
604 116 89.690352 89.695044 -4.692749e-03
605 116 89.680540 89.690352 -9.811094e-03
606 116 89.677570 89.680540 -2.970695e-03
607 116 89.664044 89.677570 -1.352610e-02
608 116 89.633394 89.664044 -3.064993e-02
609 116 89.602703 89.633394 -3.069118e-02
610 116 89.583817 89.602703 -1.888536e-02
611 116 89.571885 89.583817 -1.193233e-02
612 116 89.564156 89.571885 -7.728564e-03
613 116 89.557359 89.564156 -6.796843e-03
614 116 89.546976 89.557359 -1.038386e-02
615 116 89.513835 89.546976 -3.314108e-02
616 116 89.497825 89.513835 -1.600929e-02
617 116 89.472205 89.497825 -2.562030e-02
618 116 89.445010 89.472205 -2.719538e-02
619 116 89.413706 89.445010 -3.130379e-02
620 116 89.404448 89.413706 -9.258017e-03
621 116 89.399497 89.404448 -4.950759e-03
622 116 89.385245 89.399497 -1.425204e-02
623 116 89.351049 89.385245 -3.419594e-02
624 116 89.328777 89.351049 -2.227159e-02
625 116 89.304400 89.328777 -2.437740e-02
626 116 89.278064 89.304400 -2.633573e-02
627 116 89.259539 89.278064 -1.852505e-02
628 116 89.230045 89.259539 -2.949443e-02
629 116 89.212416 89.230045 -1.762871e-02
630 116 89.160641 89.212416 -5.177531e-02
631 116 89.109484 89.160641 -5.115635e-02
632 116 89.068056 89.109484 -4.142813e-02
633 116 89.050545 89.068056 -1.751177e-02
634 116 89.029525 89.050545 -2.101928e-02
635 116 89.010779 89.029525 -1.874620e-02
636 116 88.987562 89.010779 -2.321692e-02
637 116 88.935717 88.987562 -5.184468e-02
638 116 88.916042 88.935717 -1.967594e-02
639 116 88.891884 88.916042 -2.415758e-02
640 116 88.863070 88.891884 -2.881358e-02
641 116 88.834334 88.863070 -2.873595e-02
642 116 88.796337 88.834334 -3.799754e-02
643 116 88.754288 88.796337 -4.204901e-02
644 116 88.699993 88.754288 -5.429509e-02
645 116 88.680447 88.699993 -1.954566e-02
646 116 88.676547 88.680447 -3.899897e-03
647 117 88.676547 88.676547 0.000000e+00
648 117 88.647499 88.676547 -2.904855e-02
649 117 88.627170 88.647499 -2.032862e-02
650 118 88.627170 88.627170 0.000000e+00
651 119 88.627170 88.627170 0.000000e+00
652 119 88.617780 88.627170 -9.389798e-03
653 119 88.597884 88.617780 -1.989583e-02
654 119 88.585610 88.597884 -1.227485e-02
655 119 88.553962 88.585610 -3.164781e-02
656 119 88.530041 88.553962 -2.392080e-02
657 119 88.509868 88.530041 -2.017324e-02
658 119 88.475303 88.509868 -3.456445e-02
659 119 88.465031 88.475303 -1.027224e-02
660 119 88.448204 88.465031 -1.682669e-02
661 119 88.412371 88.448204 -3.583297e-02
662 119 88.392353 88.412371 -2.001821e-02
663 119 88.363093 88.392353 -2.926023e-02
664 119 88.298023 88.363093 -6.506954e-02
665 119 88.267329 88.298023 -3.069396e-02
666 119 88.242088 88.267329 -2.524180e-02
667 119 88.214874 88.242088 -2.721347e-02
668 119 88.197858 88.214874 -1.701660e-02
669 119 88.140911 88.197858 -5.694640e-02
670 119 88.080678 88.140911 -6.023337e-02
671 119 88.046934 88.080678 -3.374412e-02
672 119 88.027632 88.046934 -1.930127e-02
673 119 88.011833 88.027632 -1.579903e-02
674 119 87.990693 88.011833 -2.114052e-02
675 119 87.940248 87.990693 -5.044472e-02
676 119 87.879736 87.940248 -6.051247e-02
677 119 87.840735 87.879736 -3.900023e-02
678 119 87.817348 87.840735 -2.338740e-02
679 119 87.802953 87.817348 -1.439549e-02
680 119 87.793859 87.802953 -9.093773e-03
681 119 87.763355 87.793859 -3.050352e-02
682 119 87.727894 87.763355 -3.546126e-02
683 119 87.661961 87.727894 -6.593313e-02
684 119 87.639410 87.661961 -2.255097e-02
685 120 87.639410 87.639410 0.000000e+00
686 121 87.639410 87.639410 0.000000e+00
687 121 87.629209 87.639410 -1.020058e-02
688 121 87.610759 87.629209 -1.844989e-02
689 121 87.599491 87.610759 -1.126801e-02
690 121 87.583038 87.599491 -1.645346e-02
691 121 87.566718 87.583038 -1.632009e-02
692 122 87.566718 87.566718 0.000000e+00
693 122 87.552175 87.566718 -1.454322e-02
694 122 87.542723 87.552175 -9.451324e-03
695 122 87.528065 87.542723 -1.465863e-02
696 122 87.513782 87.528065 -1.428230e-02
697 122 87.498740 87.513782 -1.504194e-02
698 122 87.476785 87.498740 -2.195506e-02
699 122 87.456697 87.476785 -2.008858e-02
700 122 87.443574 87.456697 -1.312248e-02
701 122 87.434819 87.443574 -8.755798e-03
702 122 87.425693 87.434819 -9.125819e-03
703 122 87.421292 87.425693 -4.400414e-03
704 122 87.411904 87.421292 -9.388452e-03
705 122 87.399271 87.411904 -1.263248e-02
706 122 87.388317 87.399271 -1.095469e-02
707 122 87.370039 87.388317 -1.827800e-02
708 122 87.357753 87.370039 -1.228594e-02
709 122 87.346026 87.357753 -1.172682e-02
710 122 87.293926 87.346026 -5.210016e-02
711 122 87.256210 87.293926 -3.771613e-02
712 122 87.228566 87.256210 -2.764316e-02
713 122 87.206787 87.228566 -2.177957e-02
714 122 87.127588 87.206787 -7.919925e-02
715 122 87.072424 87.127588 -5.516384e-02
716 122 87.025839 87.072424 -4.658437e-02
717 122 86.998998 87.025839 -2.684139e-02
718 122 86.910021 86.998998 -8.897740e-02
719 122 86.877360 86.910021 -3.266038e-02
720 122 86.853695 86.877360 -2.366537e-02
721 122 86.733785 86.853695 -1.199104e-01
722 122 86.678718 86.733785 -5.506660e-02
723 122 86.657029 86.678718 -2.168920e-02
724 122 86.631709 86.657029 -2.531986e-02
725 122 86.605622 86.631709 -2.608718e-02
726 122 86.588920 86.605622 -1.670205e-02
727 122 86.577969 86.588920 -1.095037e-02
728 122 86.549155 86.577969 -2.881414e-02
729 122 86.534018 86.549155 -1.513751e-02
730 122 86.511731 86.534018 -2.228618e-02
731 122 86.421869 86.511731 -8.986204e-02
732 122 86.393847 86.421869 -2.802226e-02
733 122 86.392619 86.393847 -1.227770e-03
734 122 86.384078 86.392619 -8.541041e-03
735 122 86.363806 86.384078 -2.027254e-02
736 122 86.362189 86.363806 -1.616689e-03
737 122 86.313697 86.362189 -4.849210e-02
738 122 86.308148 86.313697 -5.549448e-03
739 122 86.298619 86.308148 -9.528502e-03
740 122 86.188454 86.298619 -1.101650e-01
741 122 86.136624 86.188454 -5.183032e-02
742 122 86.053823 86.136624 -8.280058e-02
743 122 85.951692 86.053823 -1.021307e-01
744 122 85.892283 85.951692 -5.940915e-02
745 122 85.856892 85.892283 -3.539179e-02
746 122 85.790763 85.856892 -6.612857e-02
747 122 85.751302 85.790763 -3.946079e-02
748 122 85.746097 85.751302 -5.205126e-03
749 122 85.682795 85.746097 -6.330198e-02
750 122 85.608910 85.682795 -7.388528e-02
751 122 85.586247 85.608910 -2.266253e-02
752 122 85.534837 85.586247 -5.141057e-02
753 122 85.474386 85.534837 -6.045016e-02
754 122 85.404109 85.474386 -7.027712e-02
755 122 85.330898 85.404109 -7.321148e-02
756 122 85.282823 85.330898 -4.807494e-02
757 122 85.246865 85.282823 -3.595782e-02
758 122 85.180464 85.246865 -6.640123e-02
759 122 85.147122 85.180464 -3.334166e-02
760 122 85.110195 85.147122 -3.692732e-02
761 122 85.109551 85.110195 -6.436164e-04
762 122 85.100239 85.109551 -9.312026e-03
763 122 85.024793 85.100239 -7.544632e-02
764 122 84.934574 85.024793 -9.021877e-02
765 122 84.874759 84.934574 -5.981498e-02
766 122 84.844493 84.874759 -3.026660e-02
767 122 84.753148 84.844493 -9.134457e-02
768 122 84.677712 84.753148 -7.543616e-02
769 122 84.526607 84.677712 -1.511053e-01
770 122 84.419043 84.526607 -1.075637e-01
771 122 84.395240 84.419043 -2.380280e-02
772 122 84.325134 84.395240 -7.010590e-02
773 123 84.325134 84.325134 0.000000e+00
774 123 84.184679 84.325134 -1.404554e-01
775 123 83.975765 84.184679 -2.089142e-01
776 123 83.915450 83.975765 -6.031485e-02
777 123 83.894536 83.915450 -2.091340e-02
778 123 83.815790 83.894536 -7.874602e-02
779 124 83.815790 83.815790 0.000000e+00
780 124 83.759940 83.815790 -5.584983e-02
781 124 83.625225 83.759940 -1.347155e-01
782 124 83.563351 83.625225 -6.187346e-02
783 124 83.542698 83.563351 -2.065360e-02
784 124 83.541618 83.542698 -1.079623e-03
785 124 83.529533 83.541618 -1.208549e-02
786 124 83.510812 83.529533 -1.872049e-02
787 124 83.481917 83.510812 -2.889554e-02
788 124 83.451157 83.481917 -3.075982e-02
789 124 83.349378 83.451157 -1.017787e-01
790 124 83.271789 83.349378 -7.758939e-02
791 124 83.234854 83.271789 -3.693522e-02
792 124 83.170175 83.234854 -6.467863e-02
793 124 83.153242 83.170175 -1.693277e-02
794 124 83.070734 83.153242 -8.250811e-02
795 124 82.907656 83.070734 -1.630776e-01
796 124 82.897198 82.907656 -1.045885e-02
797 124 82.796176 82.897198 -1.010214e-01
798 124 82.753979 82.796176 -4.219719e-02
799 125 82.753979 82.753979 0.000000e+00
800 125 82.724933 82.753979 -2.904615e-02
801 125 82.682913 82.724933 -4.201993e-02
802 126 82.682913 82.682913 0.000000e+00
803 126 82.679888 82.682913 -3.024527e-03
804 126 82.598820 82.679888 -8.106841e-02
805 126 82.582821 82.598820 -1.599929e-02
806 126 82.494952 82.582821 -8.786923e-02
807 127 82.494952 82.494952 0.000000e+00
808 128 82.494952 82.494952 0.000000e+00
809 128 82.417658 82.494952 -7.729355e-02
810 129 82.417658 82.417658 0.000000e+00
811 129 82.374557 82.417658 -4.310077e-02
812 129 82.303112 82.374557 -7.144511e-02
813 129 82.207911 82.303112 -9.520100e-02
814 129 82.052802 82.207911 -1.551087e-01
815 129 81.897466 82.052802 -1.553360e-01
816 129 81.888848 81.897466 -8.618872e-03
817 129 81.743105 81.888848 -1.457421e-01
818 129 81.627416 81.743105 -1.156891e-01
819 129 81.592919 81.627416 -3.449736e-02
820 129 81.441326 81.592919 -1.515930e-01
821 129 81.303857 81.441326 -1.374687e-01
822 129 81.141569 81.303857 -1.622886e-01
823 129 80.977391 81.141569 -1.641783e-01
824 129 80.891100 80.977391 -8.629051e-02
825 129 80.852746 80.891100 -3.835377e-02
826 129 80.642885 80.852746 -2.098616e-01
827 129 80.542566 80.642885 -1.003189e-01
828 129 80.490753 80.542566 -5.181260e-02
829 129 80.339450 80.490753 -1.513030e-01
830 129 80.275033 80.339450 -6.441759e-02
831 129 80.259563 80.275033 -1.546932e-02
832 129 80.220784 80.259563 -3.877937e-02
833 129 80.070509 80.220784 -1.502746e-01
834 129 80.018690 80.070509 -5.181935e-02
835 129 79.897309 80.018690 -1.213809e-01
836 129 79.847736 79.897309 -4.957339e-02
837 129 79.726279 79.847736 -1.214568e-01
838 129 79.678399 79.726279 -4.787953e-02
839 129 79.664253 79.678399 -1.414581e-02
840 129 79.580139 79.664253 -8.411409e-02
841 129 79.456794 79.580139 -1.233451e-01
842 129 79.400442 79.456794 -5.635198e-02
843 129 79.301395 79.400442 -9.904727e-02
844 129 79.259681 79.301395 -4.171415e-02
845 129 79.087309 79.259681 -1.723718e-01
846 129 78.855453 79.087309 -2.318562e-01
847 129 78.683988 78.855453 -1.714648e-01
848 129 78.395728 78.683988 -2.882601e-01
849 129 78.213706 78.395728 -1.820217e-01
850 129 78.015697 78.213706 -1.980087e-01
851 129 77.746241 78.015697 -2.694565e-01
852 129 77.260406 77.746241 -4.858349e-01
853 129 76.838193 77.260406 -4.222131e-01
854 129 76.628350 76.838193 -2.098431e-01
855 129 76.424068 76.628350 -2.042819e-01
856 129 76.316312 76.424068 -1.077555e-01
857 129 75.987451 76.316312 -3.288614e-01
858 129 75.768308 75.987451 -2.191427e-01
859 129 75.526895 75.768308 -2.414127e-01
860 129 75.229322 75.526895 -2.975735e-01
861 129 74.956562 75.229322 -2.727602e-01
862 129 74.774196 74.956562 -1.823655e-01
863 129 74.656726 74.774196 -1.174701e-01
864 130 74.656726 74.656726 0.000000e+00
865 130 74.457268 74.656726 -1.994576e-01
866 130 73.821164 74.457268 -6.361045e-01
867 130 73.708744 73.821164 -1.124200e-01
868 130 73.327491 73.708744 -3.812524e-01
869 130 72.569735 73.327491 -7.577567e-01
870 130 72.130343 72.569735 -4.393916e-01
871 130 71.865852 72.130343 -2.644916e-01
872 130 71.617938 71.865852 -2.479137e-01
873 130 70.923279 71.617938 -6.946588e-01
874 130 70.303845 70.923279 -6.194340e-01
875 130 69.724641 70.303845 -5.792039e-01
876 130 69.205484 69.724641 -5.191570e-01
877 130 68.601763 69.205484 -6.037215e-01
878 130 67.788046 68.601763 -8.137171e-01
879 130 67.169596 67.788046 -6.184500e-01
880 130 65.552201 67.169596 -1.617394e+00
881 130 63.806333 65.552201 -1.745868e+00
882 130 60.999574 63.806333 -2.806759e+00
883 130 58.646110 60.999574 -2.353464e+00
884 130 55.444032 58.646110 -3.202077e+00
885 130 51.196086 55.444032 -4.247947e+00
886 130 48.254294 51.196086 -2.941792e+00
887 130 41.278797 48.254294 -6.975497e+00
888 130 38.275746 41.278797 -3.003051e+00
889 130 32.813631 38.275746 -5.462115e+00
890 130 29.042946 32.813631 -3.770685e+00
891 130 26.335797 29.042946 -2.707148e+00
892 130 24.517184 26.335797 -1.818613e+00
893 130 24.065690 24.517184 -4.514944e-01
894 131 24.065690 24.065690 0.000000e+00
895 131 23.103102 24.065690 -9.625874e-01
896 131 22.552257 23.103102 -5.508450e-01
897 132 22.552257 22.552257 0.000000e+00
898 132 21.779938 22.552257 -7.723191e-01
899 132 19.578204 21.779938 -2.201734e+00
900 132 18.804161 19.578204 -7.740431e-01
901 133 18.804161 18.804161 0.000000e+00
902 133 18.248512 18.804161 -5.556492e-01
903 133 16.039699 18.248512 -2.208814e+00
904 133 14.037873 16.039699 -2.001826e+00
905 133 11.846488 14.037873 -2.191385e+00
906 133 11.017503 11.846488 -8.289850e-01
907 133 10.703000 11.017503 -3.145025e-01
908 134 10.703000 10.703000 0.000000e+00
909 135 10.703000 10.703000 0.000000e+00
910 135 10.588014 10.703000 -1.149865e-01
911 135 10.263309 10.588014 -3.247043e-01
912 135 9.824746 10.263309 -4.385637e-01
913 136 9.824746 9.824746 0.000000e+00
914 137 9.824746 9.824746 0.000000e+00
915 138 9.824746 9.824746 0.000000e+00
916 139 9.824746 9.824746 0.000000e+00
917 140 9.824746 9.824746 0.000000e+00
918 141 9.824746 9.824746 0.000000e+00
919 141 9.641995 9.824746 -1.827503e-01
920 141 9.349220 9.641995 -2.927751e-01
921 141 9.181123 9.349220 -1.680977e-01
922 142 9.181123 9.181123 0.000000e+00
923 142 9.060700 9.181123 -1.204227e-01
924 142 9.057037 9.060700 -3.663027e-03
925 143 9.057037 9.057037 0.000000e+00
926 143 9.049539 9.057037 -7.497650e-03
927 143 8.986860 9.049539 -6.267980e-02
928 144 8.986860 8.986860 0.000000e+00
929 144 8.970788 8.986860 -1.607199e-02
930 145 8.970788 8.970788 0.000000e+00
931 146 8.970788 8.970788 0.000000e+00
932 146 8.936026 8.970788 -3.476175e-02
933 146 8.892713 8.936026 -4.331263e-02
934 146 8.875108 8.892713 -1.760562e-02
935 146 8.870162 8.875108 -4.945243e-03
936 146 8.852607 8.870162 -1.755562e-02
937 146 8.844852 8.852607 -7.754420e-03
938 146 8.843025 8.844852 -1.827255e-03
939 147 8.843025 8.843025 0.000000e+00
940 147 8.754897 8.843025 -8.812839e-02
941 147 8.727242 8.754897 -2.765442e-02
942 147 8.715966 8.727242 -1.127635e-02
943 148 8.715966 8.715966 0.000000e+00
944 148 8.696425 8.715966 -1.954063e-02
945 148 8.631763 8.696425 -6.466179e-02
946 148 8.606930 8.631763 -2.483354e-02
947 149 8.606930 8.606930 0.000000e+00
948 150 8.606930 8.606930 0.000000e+00
949 151 8.606930 8.606930 0.000000e+00
950 151 8.603487 8.606930 -3.443079e-03
951 152 8.603487 8.603487 0.000000e+00
952 152 8.581493 8.603487 -2.199362e-02
953 152 8.552086 8.581493 -2.940756e-02
954 152 8.531397 8.552086 -2.068901e-02
955 152 8.524000 8.531397 -7.396430e-03
956 152 8.522586 8.524000 -1.414060e-03
957 153 8.522586 8.522586 0.000000e+00
958 153 8.512167 8.522586 -1.041896e-02
959 153 8.493389 8.512167 -1.877770e-02
960 153 8.484849 8.493389 -8.540172e-03
961 153 8.481287 8.484849 -3.562155e-03
962 153 8.480067 8.481287 -1.219769e-03
963 153 8.479889 8.480067 -1.783380e-04
964 153 8.464339 8.479889 -1.554994e-02
965 154 8.464339 8.464339 0.000000e+00
966 154 8.457545 8.464339 -6.793645e-03
967 154 8.457271 8.457545 -2.746165e-04
968 155 8.457271 8.457271 0.000000e+00
969 156 8.457271 8.457271 0.000000e+00
970 156 8.457148 8.457271 -1.227775e-04
971 157 8.457148 8.457148 0.000000e+00
972 158 8.457148 8.457148 0.000000e+00
973 158 8.452927 8.457148 -4.221246e-03
974 158 8.449191 8.452927 -3.736167e-03
975 158 8.445239 8.449191 -3.951405e-03
976 158 8.444398 8.445239 -8.415918e-04
977 158 8.441161 8.444398 -3.236745e-03
978 158 8.438311 8.441161 -2.849814e-03
979 158 8.433408 8.438311 -4.903513e-03
980 158 8.431573 8.433408 -1.834627e-03
981 158 8.430528 8.431573 -1.045235e-03
982 158 8.425565 8.430528 -4.962800e-03
983 158 8.425140 8.425565 -4.252818e-04
984 158 8.422230 8.425140 -2.909833e-03
985 158 8.420235 8.422230 -1.995280e-03
986 158 8.413782 8.420235 -6.452092e-03
987 158 8.409802 8.413782 -3.980879e-03
988 158 8.407282 8.409802 -2.519673e-03
989 158 8.405648 8.407282 -1.633837e-03
990 158 8.404565 8.405648 -1.082736e-03
991 158 8.400291 8.404565 -4.274434e-03
992 158 8.392762 8.400291 -7.529063e-03
993 158 8.388737 8.392762 -4.024989e-03
994 158 8.384867 8.388737 -3.870250e-03
995 158 8.378857 8.384867 -6.009059e-03
996 158 8.376908 8.378857 -1.948999e-03
997 159 8.376908 8.376908 0.000000e+00
998 159 8.364329 8.376908 -1.257949e-02
999 159 8.358625 8.364329 -5.704391e-03
1000 159 8.356957 8.358625 -1.667847e-03
