0.93852788170054890493   
0.71496183350677289248 
0.00014352598701181040752 
0.43615222239304940466   
0.20482506472842071377  
0.00096618638950905011420  
0.60125382810966010450   
0.32608461307160258036  
0.41798537526581364121   
0.008678387336595737300  
0.49991209571220168728 
0.37135354523322972042  
0.48663407109680523188 
0.03812464690080281937  
0.0099229640543280728249 
0.80079043475718181266 
0.24851510349802469202  
0.24270269766346139195  
0.76800234686011836782   
0.97314082662127965317 
0.0062126655270225883410   
0.0053021324164278782476  
0.85104512013230881884  
0.81925720302311777488   
0.24829420489492387558 
0.20169255089844204121    
0.22316760783842853888 
0.89907880528620298666 
0.71745903397361054932  
0.23755515026871196205  
0.01254011518141357438 
