0.01630057162432958090 
0.14160255535580337782 
0.83911223469260720620 
0.19755136929338396046 
0.52674497921333884864 
0.99892451800355896996 
0.00394382926819093066 
0.80417675422699042009 
0.29603161769734304132 
0.06975527623191256354 
0.89152945200518218805 
0.29251678441302703115 
0.00911647357936784357 
0.24288677062973695886 
0.76822959481190400410 
0.12979044678145573721 
0.19221384599442306595 
0.97277502388356951180 
0.13723157678601871634 
0.40022862209017789903 
0.21825690531090688462 
0.51293239440439841736 
0.00783099223758605863 
0.60696887625705864266 
0.71729692943268308358 
0.62887092476192441026 
0.47739705186216024879 
0.00798440033476073389 
0.08605584785624213751 
0.63755226770301920425 
0.40094439424618349976 
0.36478447279184333940 
0.52599535022210108792 
0.27777471080318777430 
0.49358298699072700177 
0.80772452000888272927 
0.94932707536468607934 
0.51340091019561551189 
0.55396995579543051313
0.52428719006678425885 
0.00840187717154709454 
0.76991383627518727994 
0.35245834726489072564 
0.33522275571488902024 
0.91619506800370065225 
0.91902647396504244526 
0.28331474600514150453 
0.0095222972517471282661 
0.77135769779391483159 
0.10880880202576928562 
0.61263983259566123785 
0.63571172795990094073 
0.156679
0.9
0.8

