0.975411933358540450545 
0.49695569578652748488 
0.66094499620903202075 
0.0053021324164278782476 
0.04153879438445680361 
0.43281976892542622926 
0.93883892646992250786 
0.92493483778624885350 
0.71520935035768717913 
0.26443726760347291416 
0.74551234440842817364 
0.60487679073452738088 
0.31705801150193640980 
0.67690236339201337312 
0.14259656650440941106 
0.38999687234002172742 
0.87250301100409366484 
0.0082610287963057482674 
0.29264132651129937113 
0.18454902198196779239 
0.88153874385562003280 
0.33040644144456743359 
0.63283923316552503913 
0.97820537821973385650 
0.54468034308941382093 
0.59360235369841662934 
0.83677867642968117856 
0.36054744909334451863 
0.095299880278763071662 
0.29875075480036311637 
0.77898826635812579156 
0.57153010125989589518 
0.85104512013230881884 
0.37911857304845053562 
0.12354887628064459282 
0.95920396640859728610 
0.81925720302311777488 
0.07757539357154304149 
0.76247844549039167639 
0.47521063036854638284 
0.24829420489492387558 
0.48675581839695014619 
0.17356523768301379551 
0.65509745450753997797 
0.20169255089844204121 
0.27077018739337022080 
0.09455556351813267091 
0.07330816952144454668 
0.22316760783842853888 
0.51697839205526896489 
0.40460908659739952542 
0.05669313482800109050 
0.89907880528620298666 
0.02081168547491183546 
0.11594372529570005914 
0.45541690140902091333 
0.71745903397361054932 
0.99067473099063252384 
0.80094368547773309164 
0.56675783617736674724 
0.23755515026871196205 
0.62343154979515202907 
0.15637906047555460987 
0.35528622021234312900 
0.01254011518141357438 
0.69862275402998330609 
0.43609338664643143568 
