0 8326345.615215 0.123527 9.596593 14.829111 11.211640 17.520289 
1 32951261.056989 4.447466 22.976606 8.045275 7.024226 1.244256 
2 12686011.525695 -10.305145 17.793679 5.301627 -2.753659 16.230588 
3 30489154.847254 18.031511 -3.110229 -6.135447 -21.476707 6.135844 
4 15845631.008277 -15.821697 17.409409 8.827180 -2.029429 -10.876213 
0 190005137.485154 20.058173 29.538052 30.000000 2.564835 16.267916 
1 112554213.893321 6.821943 30.000000 18.358304 17.243093 -1.106032 
2 8154128.005777 -0.945441 14.831370 10.664628 -9.347447 11.004428 
3 101334848.929218 30.000000 -13.628957 12.704714 -9.119655 -10.809553 
4 202550980.318160 -23.710652 30.000000 30.000000 -2.013148 10.575211 
0 87831587.793864 18.538344 28.554425 5.525620 -6.689054 12.615119 
1 30964838.741865 6.185654 6.271716 22.501727 -2.546379 -4.193911 
2 12209309.810929 5.806158 12.694515 14.533215 -14.103860 7.234551 
3 23106321.564693 19.430697 -11.047140 -2.381188 -14.887931 -2.066855 
4 9096190.434217 -17.621272 6.355460 10.551706 3.273626 29.466189 
