0.975411933358540450545 
0.49695569578652748488 
0.66094499620903202075 
0.0053021324164278782476 
0.04153879438445680361 
0.43281976892542622926 
0.93883892646992250786 
0.92493483778624885350 
0.71520935035768717913 
0.26443726760347291416 
0.74551234440842817364 
0.60487679073452738088 
0.31705801150193640980 
0.67690236339201337312 
0.14259656650440941106 
0.38999687234002172742 
0.87250301100409366484 
0.0082610287963057482674 
0.29264132651129937113 
0.18454902198196779239 
0.88153874385562003280 
0.33040644144456743359 
0.63283923316552503913 
0.97820537821973385650 
0.54468034308941382093 
0.59360235369841662934 
0.83677867642968117856 
0.36054744909334451863 
0.95299880278763071662 
0.29875075480036311637 
0.77898826635812579156 
0.57153010125989589518 
0.85104512013230881884 
0.37911857304845053562 
0.12354887628064459282 
0.95920396640859728610 
0.81925720302311777488 
0.07757539357154304149 
0.76247844549039167639 
0.47521063036854638284 
0.24829420489492387558 
0.48675581839695014619 
0.17356523768301379551 
0.65509745450753997797 
0.20169255089844204121 
0.27077018739337022080 
0.09455556351813267091 
0.07330816952144454668 
0.22316760783842853888 
0.51697839205526896489 
0.40460908659739952542 
0.05669313482800109050 
0.89907880528620298666 
0.02081168547491183546 
0.11594372529570005914 
0.45541690140902091333 
0.71745903397361054932 
0.99067473099063252384 
0.80094368547773309164 
0.56675783617736674724 
0.23755515026871196205 
0.62343154979515202907 
0.15637906047555460987 
0.35528622021234312900 
0.01254011518141357438 
0.69862275402998330609 
0.43609338664643143568 
0.67026956962390160655 
0.90413257498047250316 
0.33428862131005060432 
0.07166867987690704600 
0.01585259843688131137 
0.45578639791045444385 
0.09267259165918460828 
0.25496982849425692264 
0.96388784618596679010 
0.88316461358507325485 
0.82814206513217325512 
0.30030556732082452909 
0.55128786613794167337 
0.40080918435150447721 
0.75040297543007383752 
0.51148695852878811596 
0.65353872203213236869 
0.54714951920761434323 
0.05251130610865294146 
0.41768361465634001872 
0.94244013349744693020 
0.90697651464588513459 
0.71646745328082206417 
0.23329782024135553575 
0.72250031668703817989 
0.60073796669231327439 
0.31388135335773398316 
0.62822701165466687812 
0.15618442850572050729 
0.37766604852121377078 
0.85570676126914890780 
0.80000431362434298865 
0.21941265895777217754 
0.18026358407161188757 
0.83553424049066304935 
0.34229438783690191439 
0.61533282703010683257 
0.98475875181121552693 
0.47926310177822989411 
0.57571570555480000575 
0.78811158181651297383 
0.28211754198442856589 
0.95332066698532269555 
0.14657036971343215259 
0.68855816956586268773 
0.44913541045711302679 
0.76465556564553471830 
0.11953250482480923256 
0.09806700696779969972 
0.49301491409021613865 
0.36994280898598219665 
0.02630911182677533877 
0.19768673682758794441
0.975411933358540450545 
0.49695569578652748488 
0.66094499620903202075 
0.0053021324164278782476 
0.04153879438445680361 
0.43281976892542622926 
0.93883892646992250786 
0.92493483778624885350 
0.71520935035768717913 
0.26443726760347291416 
0.74551234440842817364 
0.60487679073452738088 
0.31705801150193640980 
0.67690236339201337312 
0.14259656650440941106 
0.38999687234002172742 
0.87250301100409366484 
0.0082610287963057482674 
0.29264132651129937113 
0.18454902198196779239 
0.88153874385562003280 
0.33040644144456743359 
0.63283923316552503913 
0.97820537821973385650 
0.54468034308941382093 
0.59360235369841662934 
0.83677867642968117856 
0.36054744909334451863 
0.95299880278763071662 
0.29875075480036311637 
0.77898826635812579156 
0.57153010125989589518 
0.85104512013230881884 
0.37911857304845053562 
0.12354887628064459282 
0.95920396640859728610 
0.81925720302311777488 
0.07757539357154304149 
0.76247844549039167639 
0.47521063036854638284 
0.24829420489492387558 
0.48675581839695014619 
0.17356523768301379551 
0.65509745450753997797 
0.20169255089844204121 
0.27077018739337022080 
0.09455556351813267091 
0.07330816952144454668 
0.22316760783842853888 
0.51697839205526896489 
0.40460908659739952542 
0.05669313482800109050 
0.89907880528620298666 
0.02081168547491183546 
0.11594372529570005914 
0.45541690140902091333 
0.71745903397361054932 
0.99067473099063252384 
0.80094368547773309164 
0.56675783617736674724 
0.23755515026871196205 
0.62343154979515202907 
0.15637906047555460987 
0.35528622021234312900 
0.01254011518141357438 
0.69862275402998330609 
0.43609338664643143568 
0.975411933358540450545 
0.49695569578652748488 
0.66094499620903202075 
0.0053021324164278782476 
0.04153879438445680361 
0.43281976892542622926 
0.93883892646992250786 
0.92493483778624885350 
0.71520935035768717913 
0.26443726760347291416 
0.74551234440842817364 
0.60487679073452738088 
0.31705801150193640980 
0.67690236339201337312 
0.14259656650440941106 
0.38999687234002172742 
0.87250301100409366484 
0.0082610287963057482674 
0.29264132651129937113 
0.18454902198196779239 
0.88153874385562003280 
0.33040644144456743359 
0.63283923316552503913 
0.97820537821973385650 
0.54468034308941382093 
0.59360235369841662934 
0.83677867642968117856 
0.36054744909334451863 
0.95299880278763071662 
0.29875075480036311637 
0.77898826635812579156 
0.57153010125989589518 
0.85104512013230881884 
0.37911857304845053562 
0.12354887628064459282 
0.95920396640859728610 
0.81925720302311777488 
0.07757539357154304149 
0.76247844549039167639 
0.47521063036854638284 
0.24829420489492387558 
0.48675581839695014619 
0.17356523768301379551 
0.65509745450753997797 
0.20169255089844204121 
0.27077018739337022080 
0.09455556351813267091 
0.07330816952144454668 
0.22316760783842853888 
0.51697839205526896489 
0.40460908659739952542 
0.05669313482800109050 
0.89907880528620298666 
0.02081168547491183546 
0.11594372529570005914 
0.45541690140902091333 
0.71745903397361054932 
0.99067473099063252384 
0.80094368547773309164 
0.56675783617736674724 
0.23755515026871196205 
0.62343154979515202907 
0.15637906047555460987 
0.35528622021234312900 
0.01254011518141357438 
0.69862275402998330609 
0.43609338664643143568 
0.9
0.1

