0.25142856838713800727 
0.02282771795188431874 
0.35204462909700562356 
0.47920242439918336874 
0.32017976386480950790 
0.01908235159659864288 
0.23912553779740142179 
0.42911322248592659312 
0.16183945776980346309 
0.00597250368724222547 
0.21718142331446585458 
0.13545571273912471177 
0.14455922699745712978 
0.65176213842433039503 
0.09132854970699572084 
0.12181461701254114871 
0.14616444341194090306 
0.18025912492548068489 
0.10345235052679302434 
0.19357390990181544410 
0.29175807409536008707 
0.44237651649973197543 
0.36422690672996776984 
0.86842479317841347886 
0.91580563034666961908 
0.35300865739258402431 
0.76140075119277494942 
0.16825533340138171257 
0.10919872723016826876 
0.74081265774593341167 
0.72675099397392517453 
0.46635801087429651357 
0.58153925723467914111 
0.15953822301679204676 
0.23457064397380256171 
0.05859166898699086357 
0.38794880192165676069 
0.75312786025606459628 
0.36947265284577046618 
0.20891408585427057032 
0.29665881548852612859 
0.10626797662408465905 
0.06387448220694186274 
